0.833,30,24,65
B0,mixamorig_Hips,-1,0.9884814620018005,0.07745467126369476,-0.1265118271112442,0,-0.057787228375673294,0.9870677590370178,0.14819864928722382,0,0.13641923666000366,-0.1390715092420578,0.9801933765411377,0,0.5830252766609192,64.5143814086914,0.10905510932207108,1
B1,mixamorig_Spine,0,0.9998877048492432,-0.0034614689648151398,0.012006064876914024,0,0.0035953251644968987,0.999949038028717,-0.006696254014968872,0,-0.01199126336723566,0.0067274742759764194,0.9998501539230347,0,0,3.962399959564209,-0.2743000090122223,1
B2,mixamorig_Spine1,1,0.9964506030082703,-0.08114669471979141,-0.014632955193519592,0,0.08194617182016373,0.9946412444114685,0.06300792098045349,0,0.009445667266845703,-0.06395575404167175,0.9977649450302124,0,0,14.123299598693848,0.26440000534057617,1
B3,mixamorig_Spine2,2,0.9962319731712341,-0.08447746932506561,-0.011153995990753174,0,0.0850229486823082,0.9948228597640991,0.05557278171181679,0,0.006408729124814272,-0.05628473311662674,0.9982612133026123,0,0,11.404500007629395,0.10610000044107437,1
B4,mixamorig_Neck,3,0.9984748959541321,0.04670864716172218,0.029384000226855278,0,-0.04832962900400162,0.9971854090690613,0.056707002222537994,0,-0.026646247133612633,-0.058041561394929886,0.9979223012924194,0,0,9.946700096130371,0,1
B5,mixamorig_Head,4,0.9837691187858582,0.14870811998844147,0.10020284354686737,0,-0.07613467425107956,0.8523135781288147,-0.5174517631530762,0,-0.16235771775245667,0.5014430284500122,0.849799633026123,0,0,8.579099655151367,0.11420000344514847,1
B6,mixamorig_HeadTop_End,5,1,0,0,0,0,1,0,0,0,0,1,0,0,25.089099884033203,0.33390000462532043,1
B7,mixamorig_LeftShoulder,3,-0.10177328437566757,0.01537566538900137,-0.9946775436401367,0,0.8998034596443176,-0.42497628927230835,-0.09863261878490448,0,-0.42423102259635925,-0.9050731062889099,0.029420634731650352,0,4.224100112915039,8.89840030670166,-0.05660000070929527,1
B8,mixamorig_LeftArm,7,0.9575637578964233,0.05596008524298668,-0.2615339756011963,0,0.1371351182460785,0.7318694591522217,0.6588128805160522,0,0.23050785064697266,-0.6740224361419678,0.7017819881439209,0,0,8.861000061035156,0,1
B9,mixamorig_LeftForeArm,8,-0.282978892326355,0.9568014144897461,0.06412529945373535,0,-0.9568148851394653,-0.2861735224723816,0.047609660774469376,0,0.0639205053448677,-0.0478837676346302,0.9968053698539734,0,0,18.975200653076172,0,1
B10,mixamorig_LeftHand,9,0.8313072323799133,0.014554936438798904,0.5554324984550476,0,-0.0453181117773056,0.9980936050415039,0.0416615791618824,0,-0.5537824630737305,-0.05974438786506653,0.8304001688957214,0,0,19.895999908447266,0,1
B11,mixamorig_LeftHandThumb1,10,0.8961290121078491,0.4382399916648865,-0.06999299675226212,0,-0.3947420120239258,0.8591790199279785,0.325560986995697,0,0.20281000435352325,-0.26411500573158264,0.9429270029067993,0,-2.088900089263916,2.1412999629974365,1.2094000577926636,1
B12,mixamorig_LeftHandThumb2,11,0.9680330157279968,-0.23885899782180786,0.0765409991145134,0,0.2379949986934662,0.9710530042648315,0.020351000130176544,0,-0.07918699830770493,-0.001484000007621944,0.9968590140342712,0,-0.329800009727478,2.5601000785827637,0,1
B13,mixamorig_LeftHandThumb3,12,0.9971680045127869,-0.06810999661684036,0.03188300132751465,0,0.06953399628400803,0.9965220093727112,-0.04593147337436676,0,-0.028643999248743057,0.04801800101995468,0.9984359741210938,0,0.07689999788999557,2.7272000312805176,0,1
B14,mixamorig_LeftHandThumb4,13,1,0,0,0,0,1,0,0,0,0,1,0,0.25290000438690186,2.237600088119507,0,1
B15,mixamorig_LeftHandIndex1,10,0.9974700212478638,0.0704760029911995,-0.00926399976015091,0,-0.0594644732773304,0.8987249732017517,0.4344615340232849,0,0.03894500061869621,-0.43281152844429016,0.900642991065979,0,-2.5859999656677246,6.942299842834473,0.02969999983906746,1
B16,mixamorig_LeftHandIndex2,15,0.9992079734802246,-0.039124999195337296,-0.0072119999676942825,0,0.03913399949669838,0.9339849948883057,0.35516300797462463,0,-0.007160000037401915,-0.3551639914512634,0.934777021408081,0,0.0010000000474974513,2.844899892807007,0,1
B17,mixamorig_LeftHandIndex3,16,0.9998199939727783,-0.018866999074816704,-0.0017480000387877226,0,0.018873000517487526,0.983377993106842,0.18058699369430542,0,-0.0016880000475794077,-0.1805880069732666,0.9835569858551025,0,-0.0013000000035390258,2.6654999256134033,0,1
B18,mixamorig_LeftHandIndex4,17,1,0,0,0,0,1,0,0,0,0,1,0,0.0003000000142492354,2.2973999977111816,0,1
B19,mixamorig_LeftHandMiddle1,10,0.997596025466919,0.06803099811077118,-0.01319899968802929,0,-0.05557100102305412,0.8991190195083618,0.4341619908809662,0,0.04140400141477585,-0.43238499760627747,0.900738000869751,0,-0.8149999976158142,6.827199935913086,-0.11010000109672546,1
B20,mixamorig_LeftHandMiddle2,19,0.9993939995765686,-0.03413600102066994,-0.006819000001996756,0,0.034329526126384735,0.934037983417511,0.35552000999450684,0,-0.0057669999077916145,-0.355538010597229,0.9346439838409424,0,-0.011699999682605267,3.2567999362945557,0,1
B21,mixamorig_LeftHandMiddle3,20,0.9998970031738281,-0.014271999709308147,-0.001155999954789877,0,0.014245999976992607,0.9834460020065308,0.18063899874687195,0,-0.0014410000294446945,-0.18063700199127197,0.9835489988327026,0,-0.000699999975040555,3.1779000759124756,0,1
B22,mixamorig_LeftHandMiddle4,21,1,0,0,0,0,1,0,0,0,0,1,0,0.012400000356137753,2.6951000690460205,0,1
B23,mixamorig_LeftHandRing1,10,0.9972590208053589,0.07210899889469147,-0.01659099943935871,0,-0.05776499956846237,0.8988484740257263,0.43443599343299866,0,0.04623999819159508,-0.4322870075702667,0.9005500078201294,0,0.8988000154495239,6.77869987487793,-0.023000000044703484,1
B24,mixamorig_LeftHandRing2,23,0.9994180202484131,-0.03352599963545799,-0.006231000181287527,0,0.033550526946783066,0.9340959787368774,0.35544300079345703,0,-0.006095999851822853,-0.355444997549057,0.934677004814148,0,-0.004000000189989805,2.9579999446868896,0,1
B25,mixamorig_LeftHandRing3,24,0.9998289942741394,-0.01844000071287155,-0.001534000039100647,0,0.0184129998087883,0.983361005783081,0.18072499334812164,0,-0.0018240000354126096,-0.18072299659252167,0.9835320115089417,0,0.0024999999441206455,2.7569000720977783,0,1
B26,mixamorig_LeftHandRing4,25,1,0,0,0,0,1,0,0,0,0,1,0,0.001500000013038516,2.3345999717712402,0,1
B27,mixamorig_LeftHandPinky1,10,0.9991400241851807,0.007942999713122845,-0.04069000110030174,0,0.010135999880731106,0.9048879742622375,0.42552798986434937,0,0.04019999876618385,-0.42557498812675476,0.9040300250053406,0,2.50219988822937,6.3907999992370605,0.08749999850988388,1
B28,mixamorig_LeftHandPinky2,27,0.9994149804115295,0.03360600024461746,-0.006318000145256519,0,-0.0290290005505085,0.9314879775047302,0.3626129925251007,0,0.018070999532938004,-0.3622174859046936,0.9319185018539429,0,0.0031999999191612005,2.623699903488159,0,1
B29,mixamorig_LeftHandPinky3,28,0.9996860027313232,-0.02491299994289875,-0.0026110000908374786,0,0.024974999949336052,0.9832379817962646,0.18060700595378876,0,-0.0019320000428706408,-0.18061499297618866,0.9835519790649414,0,0.0038999998942017555,2.1321001052856445,0,1
B30,mixamorig_LeftHandPinky4,29,1,0,0,0,0,1,0,0,0,0,1,0,-0.0071000000461936,1.7932000160217285,0,1
B31,mixamorig_RightShoulder,3,-0.1010967567563057,-0.0019966578111052513,0.9948743581771851,0,-0.9004605412483215,-0.42501798272132874,-0.09235509485006332,0,0.42302408814430237,-0.9051824808120728,0.041170042008161545,0,-4.224100112915039,8.897299766540527,-0.03020000085234642,1
B32,mixamorig_RightArm,31,0.932368278503418,-0.20620833337306976,0.29331541061401367,0,-0.03733932226896286,0.7539172768592834,0.6533777117729187,0,-0.3548518121242523,-0.6204427480697632,0.6972472667694092,0,0,8.861000061035156,0,1
B33,mixamorig_RightForeArm,32,-0.14249379932880402,-0.9856244921684265,-0.05418681353330612,0,0.9856419563293457,-0.14504916965961456,0.04642646014690399,0,-0.05386889725923538,-0.046793676912784576,0.9974446296691895,0,0,18.973600387573242,0,1
B34,mixamorig_RightHand,33,0.9975857734680176,-0.05414852127432823,-0.024187562987208366,0,0.057293929159641266,0.9779800176620483,0.19868747889995575,0,0.012538260780274868,-0.19906489551067352,0.9792345762252808,0,0,19.898300170898438,0,1
B35,mixamorig_RightHandThumb1,34,0.8899099826812744,-0.4505630135536194,0.07108499854803085,0,0.40701499581336975,0.8547239899635315,0.32215800881385803,0,-0.20591099560260773,-0.2577590048313141,0.9440129995346069,0,2.062000036239624,2.147700071334839,1.2410000562667847,1
B36,mixamorig_RightHandThumb2,35,0.9591450095176697,0.2735370099544525,-0.07223699986934662,0,-0.27159398794174194,0.9617509841918945,0.03566647320985794,0,0.07923000305891037,-0.014589999802410603,0.996749997138977,0,0.274399995803833,2.5659000873565674,0,1
B37,mixamorig_RightHandThumb3,36,0.9976369738578796,0.05964599922299385,-0.03409399837255478,0,-0.06116599962115288,0.9970930218696594,-0.04543299973011017,0,0.03128499910235405,0.047410998493433,0.9983850121498108,0,-0.07670000195503235,2.7302000522613525,0,1
B38,mixamorig_RightHandThumb4,37,1,0,0,0,0,1,0,0,0,0,1,0,-0.19769999384880066,2.24429988861084,0,1
B39,mixamorig_RightHandIndex1,34,0.9982590079307556,-0.058058001101017,0.010382473468780518,0,0.04769099876284599,0.8981704711914062,0.43705299496650696,0,-0.03469947353005409,-0.4357970058917999,0.8993759751319885,0,2.5699000358581543,7.053800106048584,0.05090000107884407,1
B40,mixamorig_RightHandIndex2,39,0.9991220235824585,0.04121499881148338,0.007548999972641468,0,-0.04120999947190285,0.9339770078659058,0.3549480140209198,0,0.007579000201076269,-0.3549474775791168,0.9348559975624084,0,-0.001500000013038516,2.8162999153137207,0,1
B41,mixamorig_RightHandIndex3,40,0.9997950196266174,0.02014699950814247,0.0018850000342354178,0,-0.020155999809503555,0.9833729863166809,0.18047699332237244,0,0.0017819999484345317,-0.1804785281419754,0.9835770130157471,0,0.0012000000569969416,2.6396000385284424,0,1
B42,mixamorig_RightHandIndex4,41,1,0,0,0,0,1,0,0,0,0,1,0,0.0003000000142492354,2.241499900817871,0,1
B43,mixamorig_RightHandMiddle1,34,0.998320996761322,-0.05626999959349632,0.013743000105023384,0,0.04461900144815445,0.898347020149231,0.43701401352882385,0,-0.03693699836730957,-0.4356670081615448,0.8993499875068665,0,0.765500009059906,7.018199920654297,-0.09040000289678574,1
B44,mixamorig_RightHandMiddle2,43,0.9993844628334045,0.03450452536344528,0.006328999996185303,0,-0.03450300171971321,0.934207022190094,0.3550580143928528,0,0.006338473409414291,-0.3550580143928528,0.9348229765892029,0,0.008500000461935997,3.3401999473571777,0,1
B45,mixamorig_RightHandMiddle3,44,0.9997469782829285,0.022438999265432358,0.0017095267539843917,0,-0.02237899973988533,0.9833160042762756,0.18052400648593903,0,0.002369999885559082,-0.18051600456237793,0.9835690259933472,0,-0.007899999618530273,3.0566999912261963,0,1
B46,mixamorig_RightHandMiddle4,45,1,0,0,0,0,1,0,0,0,0,1,0,-0.0006000000284984708,2.6394999027252197,0,1
B47,mixamorig_RightHandRing1,34,0.9982280135154724,-0.05859500169754028,0.010360999964177608,0,0.048183001577854156,0.8981419801712036,0.4370580017566681,0,-0.03491547331213951,-0.4357849955558777,0.8993740081787109,0,-0.892300009727478,6.911099910736084,-0.12160000205039978,1
B48,mixamorig_RightHandRing2,47,0.9990839958190918,0.04210052639245987,0.007712999824434519,0,-0.042095527052879333,0.9339359998703003,0.35495299100875854,0,0.007740473374724388,-0.35495200753211975,0.9348520040512085,0,-0.003000000026077032,2.9238998889923096,0,1
B49,mixamorig_RightHandRing3,48,0.9998059868812561,0.019600000232458115,0.0018720000516623259,0,-0.01961600035429001,0.9833829998970032,0.18048200011253357,0,0.0016959999920800328,-0.18048399686813354,0.9835770130157471,0,0.0026000000070780516,2.7179999351501465,0,1
B50,mixamorig_RightHandRing4,49,1,0,0,0,0,1,0,0,0,0,1,0,0.0003000000142492354,2.3796000480651855,0,1
B51,mixamorig_RightHandPinky1,34,0.9981780052185059,-0.059192001819610596,0.0116779999807477,0,0.04814700037240982,0.8981429934501648,0.4370589852333069,0,-0.03635900095105171,-0.43570101261138916,0.89935702085495,0,-2.4430999755859375,6.45359992980957,0.12549999356269836,1
B52,mixamorig_RightHandPinky2,51,0.9991829991340637,0.039821527898311615,0.0069605265744030476,0,-0.03969752788543701,0.9340140223503113,0.3550240099430084,0,0.00763599993661046,-0.3550104796886444,0.9348310232162476,0,-0.0026000000070780516,2.6278998851776123,0,1
B53,mixamorig_RightHandPinky3,52,0.9997209906578064,0.023523999378085136,0.002346999943256378,0,-0.02356100082397461,0.9832919836044312,0.18050600588321686,0,0.0019389999797567725,-0.1805109977722168,0.9835709929466248,0,-0.0019000000320374966,2.122499942779541,0,1
B54,mixamorig_RightHandPinky4,53,1,0,0,0,0,1,0,0,0,0,1,0,0.0044999998062849045,1.7920000553131104,0,1
B55,mixamorig_LeftUpLeg,0,-0.9656113386154175,0.25226491689682007,0.06088908016681671,0,-0.1596059650182724,-0.7620397210121155,0.6273597478866577,0,0.20482194423675537,0.596227765083313,0.7761437296867371,0,7.557000160217285,-4.826300144195557,0.3005000054836273,1
B56,mixamorig_LeftLeg,55,0.9955434799194336,0.03371508792042732,-0.0878574475646019,0,-0.08576272428035736,0.7070276141166687,-0.6980624198913574,0,0.038181256502866745,0.7025042772293091,0.706813395023346,0,-0.12460000067949295,24.065799713134766,0.1046999990940094,1
B57,mixamorig_LeftFoot,56,0.9875488877296448,0.1191219612956047,-0.10228104144334793,0,0.05558108165860176,0.346604585647583,0.9334626793861389,0,0.1468082070350647,-0.9275029897689819,0.33567267656326294,0,-0.006000000052154064,33.0630989074707,0.0038999998942017555,1
B58,mixamorig_LeftToeBase,57,0.9998424053192139,-0.0011018853401765227,0.017740273848176003,0,-0.00961020402610302,0.8061051368713379,0.591562032699585,0,-0.014954114332795143,-0.59163898229599,0.8059670329093933,0,-0.0052999998442828655,12.89330005645752,-0.515500009059906,1
B59,mixamorig_LeftToe_End,58,1,0,0,0,0,1,0,0,0,0,1,0,0.0142000000923872,6.42080020904541,0.007899999618530273,1
B60,mixamorig_RightUpLeg,0,-0.9856447577476501,0.07033828645944595,-0.14964114129543304,0,-0.13769850134849548,-0.8582521080970764,0.47675761580467224,0,-0.09297756850719452,0.4908767640590668,0.8558698892593384,0,-7.557000160217285,-4.826300144195557,0.3005000054836273,1
B61,mixamorig_RightLeg,60,0.987216055393219,-0.14715704321861267,-0.05114191398024559,0,-0.05238393321633339,-0.0203898623585701,-0.9905839562416077,0,0.14837849140167236,0.9809207916259766,-0.028516745194792747,0,0.12479999661445618,24.070100784301758,-0.14489999413490295,1
B62,mixamorig_RightFoot,61,0.9994454979896545,-0.02846110239624977,0.00007039788761176169,0,0.02406550571322441,0.858827531337738,0.5110549330711365,0,-0.014819912612438202,-0.510691225528717,0.8591732382774353,0,0.006000000052154064,33.0630989074707,0.0044999998062849045,1
B63,mixamorig_RightToeBase,62,0.9998559951782227,-0.00005831252929056063,-0.01694205403327942,0,0.009269527159631252,0.8389407992362976,0.5441436171531677,0,0.014181580394506454,-0.5442225933074951,0.8388208150863647,0,0.005400000140070915,12.718299865722656,-0.5224000215530396,1
B64,mixamorig_RightToe_End,63,1,0,0,0,0,1,0,0,0,0,1,0,-0.0142000000923872,6.412099838256836,0.007899999618530273,1
@52,0,1,2,3,4,5,7,8,9,10,11,12,13,15,16,17,19,20,21,23,24,25,27,28,29,31,32,33,34,35,36,37,39,40,41,43,44,45,47,48,49,51,52,53,55,56,57,58,60,61,62,63
K0.000,0.9834889769554138,-0.034262001514434814,0.17769399285316467,0,0.010765000246465206,0.9912520051002502,0.13154500722885132,0,-0.18064700067043304,-0.12746000289916992,0.9752539992332458,0,-0.10227400064468384,63.23386764526367,-0.32915198802948,1,0.9982920289039612,0.037943001836538315,-0.0444209985435009,0,-0.03600599989295006,0.998399019241333,0.043613001704216,0,0.0460049994289875,-0.04193900153040886,0.9980599880218506,0,0,3.962399959564209,-0.2743000090122223,1,0.996487021446228,-0.010087000206112862,-0.08313299715518951,0,0.016638999804854393,0.9967740178108215,0.07851199805736542,0,0.08207300305366516,-0.07962000370025635,0.9934409856796265,0,0,14.123299598693848,0.26440000534057617,1,0.9967929720878601,-0.011940999887883663,-0.07913000136613846,0,0.018039999529719353,0.9968820214271545,0.07682199776172638,0,0.07796599715948105,-0.07800299674272537,0.9939000010490417,0,0,11.404500007629395,0.10610000044107437,1,0.9998080134391785,0.018118999898433685,-0.007439000066369772,0,-0.01786400005221367,0.9992960095405579,0.03298100084066391,0,0.008031999692320824,-0.0328419990837574,0.9994279742240906,0,0,9.946700096130371,0,1,0.9988539814949036,0.011831999756395817,-0.046369001269340515,0,-0.034494999796152115,0.8496249914169312,-0.5262579917907715,0,0.03316999971866608,0.5272549986839294,0.8490599989891052,0,0,8.579099655151367,0.11420000344514847,1,-0.11656499654054642,0.015499000437557697,-0.9930620193481445,0,0.8975200057029724,-0.4265109896659851,-0.11200699955224991,0,-0.42528799176216125,-0.9043499827384949,0.035805001854896545,0,4.224100112915039,8.89840030670166,-0.05660000070929527,1,0.9170269966125488,-0.03928999975323677,-0.3968850076198578,0,0.31313300132751465,0.6872379779815674,0.6554780006408691,0,0.24700100719928741,-0.7253689765930176,0.6425189971923828,0,0,8.861000061035156,0,1,-0.2970550060272217,0.9526569843292236,0.06482499837875366,0,-0.9526709914207458,-0.3002850115299225,0.0474030002951622,0,0.06462500244379044,-0.047676000744104385,0.9967700242996216,0,0,18.975200653076172,0,1,0.8400449752807617,0.029301999136805534,0.5417240262031555,0,-0.04232199862599373,0.9990370273590088,0.01159099955111742,0,-0.5408629775047302,-0.03266400098800659,0.8404759764671326,0,0,19.895999908447266,0,1,0.8961290121078491,0.4382390081882477,-0.06999299675226212,0,-0.3947420120239258,0.8591790199279785,0.325560986995697,0,0.20281000435352325,-0.26411500573158264,0.9429270029067993,0,-2.088900089263916,2.1412999629974365,1.2094000577926636,1,0.9680330157279968,-0.23885899782180786,0.0765409991145134,0,0.2379949986934662,0.9710530042648315,0.020351000130176544,0,-0.07918599992990494,-0.001484000007621944,0.9968590140342712,0,-0.329800009727478,2.5601000785827637,0,1,0.9971680045127869,-0.06810999661684036,0.03188300132751465,0,0.06953399628400803,0.9965220093727112,-0.045931000262498856,0,-0.028643999248743057,0.04801800101995468,0.9984359741210938,0,0.07689999788999557,2.7272000312805176,0,1,0.9974700212478638,0.0704760029911995,-0.00926399976015091,0,-0.059464000165462494,0.8987249732017517,0.43446099758148193,0,0.03894500061869621,-0.4328109920024872,0.900642991065979,0,-2.5859999656677246,6.942299842834473,0.02969999983906746,1,0.9992079734802246,-0.039124999195337296,-0.0072119999676942825,0,0.03913399949669838,0.9339849948883057,0.35516300797462463,0,-0.007160000037401915,-0.3551639914512634,0.934777021408081,0,0.0010000000474974513,2.844899892807007,0,1,0.9998199939727783,-0.018866999074816704,-0.0017480000387877226,0,0.018873000517487526,0.983377993106842,0.18058699369430542,0,-0.0016880000475794077,-0.1805880069732666,0.9835569858551025,0,-0.0013000000035390258,2.6654999256134033,0,1,0.997596025466919,0.06803099811077118,-0.01319899968802929,0,-0.05557100102305412,0.8991190195083618,0.4341619908809662,0,0.04140400141477585,-0.43238499760627747,0.900738000869751,0,-0.8149999976158142,6.827199935913086,-0.11010000109672546,1,0.9993939995765686,-0.03413600102066994,-0.006819000001996756,0,0.03432900086045265,0.934037983417511,0.35552000999450684,0,-0.0057669999077916145,-0.355538010597229,0.9346439838409424,0,-0.011699999682605267,3.2567999362945557,0,1,0.9998970031738281,-0.014272999949753284,-0.001155999954789877,0,0.014245999976992607,0.9834460020065308,0.18063899874687195,0,-0.0014420000370591879,-0.18063700199127197,0.9835489988327026,0,-0.000699999975040555,3.1779000759124756,0,1,0.9972590208053589,0.07210800051689148,-0.01659199967980385,0,-0.05776499956846237,0.8988479971885681,0.43443599343299866,0,0.04623999819159508,-0.4322870075702667,0.9005500078201294,0,0.8988000154495239,6.77869987487793,-0.023000000044703484,1,0.9994180202484131,-0.03352599963545799,-0.006231000181287527,0,0.03355100005865097,0.9340959787368774,0.35544300079345703,0,-0.006095999851822853,-0.355444997549057,0.934677004814148,0,-0.004000000189989805,2.9579999446868896,0,1,0.9998289942741394,-0.01844000071287155,-0.001534000039100647,0,0.0184129998087883,0.983361005783081,0.18072499334812164,0,-0.0018240000354126096,-0.18072299659252167,0.9835320115089417,0,0.0024999999441206455,2.7569000720977783,0,1,0.9991400241851807,0.007942000404000282,-0.04069099947810173,0,0.010137000121176243,0.9048879742622375,0.42552798986434937,0,0.04019999876618385,-0.42557498812675476,0.9040300250053406,0,2.50219988822937,6.3907999992370605,0.08749999850988388,1,0.9994149804115295,0.03360600024461746,-0.006318000145256519,0,-0.0290290005505085,0.9314879775047302,0.3626129925251007,0,0.018070999532938004,-0.3622170090675354,0.9319180250167847,0,0.0031999999191612005,2.623699903488159,0,1,0.9996860027313232,-0.02491299994289875,-0.0026110000908374786,0,0.024974999949336052,0.9832379817962646,0.18060700595378876,0,-0.0019330000504851341,-0.18061499297618866,0.9835519790649414,0,0.0038999998942017555,2.1321001052856445,0,1,-0.0864659994840622,-0.003777999896556139,0.9962480068206787,0,-0.904911994934082,-0.41798898577690125,-0.08012399822473526,0,0.41672301292419434,-0.9084439873695374,0.03272299841046333,0,-4.224100112915039,8.897299766540527,-0.03020000085234642,1,0.9528560042381287,-0.29624998569488525,0.06557899713516235,0,0.1889829933643341,0.7485420107841492,0.6355869770050049,0,-0.2373809963464737,-0.5932289958000183,0.7692390084266663,0,0,8.861000061035156,0,1,-0.1788949966430664,-0.9822790026664734,-0.055900998413562775,0,0.9822959899902344,-0.18153099715709686,0.046268999576568604,0,-0.05559699982404709,-0.0466339997947216,0.9973639845848083,0,0,18.973600387573242,0,1,0.9950979948043823,-0.07001599669456482,-0.06983999907970428,0,0.06469599902629852,0.9950270056724548,-0.0757329985499382,0,0.07479500025510788,0.07084300369024277,0.9946789741516113,0,0,19.898300170898438,0,1,0.8899099826812744,-0.4505630135536194,0.07108499854803085,0,0.40701499581336975,0.8547239899635315,0.32215800881385803,0,-0.20591099560260773,-0.2577579915523529,0.9440129995346069,0,2.062000036239624,2.147700071334839,1.2410000562667847,1,0.9591450095176697,0.2735370099544525,-0.07223699986934662,0,-0.27159398794174194,0.9617509841918945,0.035666000097990036,0,0.07923000305891037,-0.014589999802410603,0.996749997138977,0,0.274399995803833,2.5659000873565674,0,1,0.9976369738578796,0.05964700132608414,-0.03409399837255478,0,-0.061167001724243164,0.9970930218696594,-0.04543299973011017,0,0.03128499910235405,0.047410998493433,0.9983850121498108,0,-0.07670000195503235,2.7302000522613525,0,1,0.9982590079307556,-0.058058001101017,0.010382999666035175,0,0.04769099876284599,0.8981710076332092,0.43705299496650696,0,-0.034699998795986176,-0.4357970058917999,0.8993759751319885,0,2.5699000358581543,7.053800106048584,0.05090000107884407,1,0.9991220235824585,0.04121499881148338,0.007548999972641468,0,-0.04120999947190285,0.9339770078659058,0.3549480140209198,0,0.007579000201076269,-0.3549470007419586,0.9348559975624084,0,-0.001500000013038516,2.8162999153137207,0,1,0.9997950196266174,0.02014699950814247,0.0018850000342354178,0,-0.020155999809503555,0.9833729863166809,0.18047800660133362,0,0.0017819999484345317,-0.1804790049791336,0.9835770130157471,0,0.0012000000569969416,2.6396000385284424,0,1,0.998320996761322,-0.05626999959349632,0.013743000105023384,0,0.04461900144815445,0.898347020149231,0.43701401352882385,0,-0.03693699836730957,-0.4356670081615448,0.8993499875068665,0,0.765500009059906,7.018199920654297,-0.09040000289678574,1,0.9993839859962463,0.03450499847531319,0.006328999996185303,0,-0.03450300171971321,0.934207022190094,0.3550580143928528,0,0.0063390000723302364,-0.3550580143928528,0.9348229765892029,0,0.008500000461935997,3.3401999473571777,0,1,0.9997469782829285,0.022438999265432358,0.0017099999822676182,0,-0.02237899973988533,0.9833160042762756,0.18052400648593903,0,0.002369999885559082,-0.18051600456237793,0.9835690259933472,0,-0.007899999618530273,3.0566999912261963,0,1,0.9982280135154724,-0.05859500169754028,0.010362000204622746,0,0.048183001577854156,0.8981419801712036,0.4370580017566681,0,-0.034915998578071594,-0.4357849955558777,0.8993740081787109,0,-0.892300009727478,6.911099910736084,-0.12160000205039978,1,0.9990839958190918,0.042100001126527786,0.007712999824434519,0,-0.04209500178694725,0.9339359998703003,0.35495299100875854,0,0.007739999797195196,-0.35495200753211975,0.9348520040512085,0,-0.003000000026077032,2.9238998889923096,0,1,0.9998059868812561,0.019600000232458115,0.0018720000516623259,0,-0.01961600035429001,0.9833829998970032,0.18048200011253357,0,0.0016959999920800328,-0.18048399686813354,0.9835759997367859,0,0.0026000000070780516,2.7179999351501465,0,1,0.9981780052185059,-0.059192001819610596,0.0116779999807477,0,0.04814700037240982,0.8981429934501648,0.4370589852333069,0,-0.03635900095105171,-0.43570101261138916,0.89935702085495,0,-2.4430999755859375,6.45359992980957,0.12549999356269836,1,0.9991829991340637,0.03982200101017952,0.0069610001519322395,0,-0.039698000997304916,0.9340140223503113,0.3550240099430084,0,0.00763599993661046,-0.3550100028514862,0.9348310232162476,0,-0.0026000000070780516,2.6278998851776123,0,1,0.9997209906578064,0.023523999378085136,0.002346999943256378,0,-0.02356100082397461,0.9832919836044312,0.18050600588321686,0,0.0019389999797567725,-0.1805109977722168,0.9835709929466248,0,-0.0019000000320374966,2.122499942779541,0,1,-0.9702690243721008,0.061264000833034515,0.23414699733257294,0,0.1626420021057129,-0.5513960123062134,0.8182359933853149,0,0.17923599481582642,0.8319910168647766,0.5250380039215088,0,7.557000160217285,-4.826300144195557,0.3005000054836273,1,0.9901970028877258,0.11868699640035629,-0.07363799959421158,0,-0.04253000020980835,-0.24597600102424622,-0.9683420062065125,0,-0.13304199278354645,0.961982011795044,-0.23851700127124786,0,-0.12460000067949295,24.065799713134766,0.1046999990940094,1,0.9598450064659119,0.27907299995422363,-0.028568999841809273,0,-0.16854800283908844,0.655102014541626,0.7365000247955322,0,0.22425299882888794,-0.702111005783081,0.675832986831665,0,-0.006000000052154064,33.0630989074707,0.0038999998942017555,1,0.9998469948768616,-0.0002899999963119626,0.017463000491261482,0,-0.009429000318050385,0.8326460123062134,0.553725004196167,0,-0.014701000414788723,-0.5538049936294556,0.8325160145759583,0,-0.0052999998442828655,12.89330005645752,-0.515500009059906,1,-0.9952149987220764,-0.06436900049448013,0.07350599765777588,0,0.08764500170946121,-0.9206460118293762,0.38043299317359924,0,0.043184999376535416,0.3850550055503845,0.9218829870223999,0,-7.557000160217285,-4.826300144195557,0.3005000054836273,1,0.998242974281311,0.03559400141239166,-0.04737500101327896,0,-0.05904499813914299,0.665024995803833,-0.7444829940795898,0,0.005005999933928251,0.7459719777107239,0.6659579873085022,0,0.12479999661445618,24.070100784301758,-0.14489999413490295,1,0.9957360029220581,-0.08722999691963196,-0.03002000041306019,0,0.030911000445485115,0.008883999660611153,0.9994829893112183,0,-0.08691900223493576,-0.9961490035057068,0.011541999876499176,0,0.006000000052154064,33.0630989074707,0.0044999998062849045,1,0.9998549818992615,0.00011000000085914508,-0.01700899936258793,0,0.009305999614298344,0.8335239887237549,0.5524049997329712,0,0.01423799991607666,-0.5524839758872986,0.8334019780158997,0,0.005400000140070915,12.718299865722656,-0.5224000215530396,1
K0.033,0.9831299781799316,-0.024526888504624367,0.18125590682029724,0,-0.0026581422425806522,0.9889479279518127,0.14823825657367706,0,-0.18288888037204742,-0.14621926844120026,0.972199022769928,0,-0.0715826228260994,64.37622833251953,-0.6155557632446289,1,0.9984679818153381,0.02989594265818596,-0.04657101258635521,0,-0.028125951066613197,0.9988740086555481,0.0382058210670948,0,0.04766000434756279,-0.03683782368898392,0.9981840252876282,0,0,3.962399959564209,-0.2743000090122223,1,0.9945880174636841,-0.020006123930215836,-0.10195113718509674,0,0.026831110939383507,0.9974579811096191,0.06601879745721817,0,0.10037113726139069,-0.06839681416749954,0.9925959706306458,0,0,14.123299598693848,0.26440000534057617,1,0.9948920011520386,-0.020496120676398277,-0.09884714335203171,0,0.02703111246228218,0.9975039958953857,0.06523581594228745,0,0.09726414084434509,-0.06757383048534393,0.9929620027542114,0,0,11.404500007629395,0.10610000044107437,1,0.9998360276222229,0.01808701828122139,0.0009430866339243948,0,-0.018108021467924118,0.9993489980697632,0.031204035505652428,0,-0.000378085213014856,-0.031216036528348923,0.9995129704475403,0,0,9.946700096130371,0,1,0.9992579817771912,0.03742130100727081,-0.009137616492807865,0,-0.036879073828458786,0.8608560562133789,-0.5075109004974365,0,-0.011124475859105587,0.5074708461761475,0.8615970611572266,0,0,8.579099655151367,0.11420000344514847,1,-0.11545293033123016,0.01564299874007702,-0.9931899905204773,0,0.8972640037536621,-0.4273049831390381,-0.11103294044733047,0,-0.4261319637298584,-0.9039720296859741,0.03529797121882439,0,4.224100112915039,8.89840030670166,-0.05660000070929527,1,0.8715824484825134,-0.10349271446466446,-0.47920164465904236,0,0.4076688587665558,0.6959279775619507,0.5911772847175598,0,0.2723071873188019,-0.7106148600578308,0.648749053478241,0,0,8.861000061035156,0,1,-0.31023430824279785,0.9484018683433533,0.06548101454973221,0,-0.9484158754348755,-0.31349730491638184,0.04719099774956703,0,0.06528401374816895,-0.04746299609541893,0.996737003326416,0,0,18.975200653076172,0,1,0.8353849053382874,0.03513599932193756,0.548541247844696,0,-0.042253948748111725,0.9991070032119751,0.00035391448182053864,0,-0.5480382442474365,-0.023473909124732018,0.8361238837242126,0,0,19.895999908447266,0,1,0.8961290121078491,0.4382399916648865,-0.06999299675226212,0,-0.3947420120239258,0.8591790199279785,0.325560986995697,0,0.20281000435352325,-0.26411500573158264,0.9429270029067993,0,-2.088900089263916,2.1412999629974365,1.2094000577926636,1,0.9680330157279968,-0.23885899782180786,0.0765409991145134,0,0.2379949986934662,0.9710530042648315,0.020351000130176544,0,-0.07918599992990494,-0.001484000007621944,0.9968590140342712,0,-0.329800009727478,2.5601000785827637,0,1,0.9971680045127869,-0.06810999661684036,0.03188300132751465,0,0.06953399628400803,0.9965220093727112,-0.04593199864029884,0,-0.028643999248743057,0.04801899939775467,0.9984359741210938,0,0.07689999788999557,2.7272000312805176,0,1,0.9974700212478638,0.0704760029911995,-0.00926399976015091,0,-0.059464000165462494,0.8987249732017517,0.43446099758148193,0,0.03894500061869621,-0.4328109920024872,0.900642991065979,0,-2.5859999656677246,6.942299842834473,0.02969999983906746,1,0.9992079734802246,-0.039124999195337296,-0.0072119999676942825,0,0.03913399949669838,0.9339849948883057,0.35516199469566345,0,-0.007160000037401915,-0.3551639914512634,0.934777021408081,0,0.0010000000474974513,2.844899892807007,0,1,0.9998199939727783,-0.018866999074816704,-0.0017480000387877226,0,0.018873000517487526,0.983377993106842,0.18058699369430542,0,-0.0016880000475794077,-0.1805880069732666,0.9835569858551025,0,-0.0013000000035390258,2.6654999256134033,0,1,0.997596025466919,0.06803099811077118,-0.01319899968802929,0,-0.05557100102305412,0.8991190195083618,0.4341619908809662,0,0.04140400141477585,-0.43238499760627747,0.900738000869751,0,-0.8149999976158142,6.827199935913086,-0.11010000109672546,1,0.9993939995765686,-0.03413499891757965,-0.006819000001996756,0,0.03432900086045265,0.934037983417511,0.35552000999450684,0,-0.0057669999077916145,-0.355538010597229,0.9346439838409424,0,-0.011699999682605267,3.2567999362945557,0,1,0.9998970031738281,-0.014272999949753284,-0.001155999954789877,0,0.014247000217437744,0.9834460020065308,0.18063899874687195,0,-0.0014420000370591879,-0.18063700199127197,0.9835489988327026,0,-0.000699999975040555,3.1779000759124756,0,1,0.9972590208053589,0.07210800051689148,-0.01659099943935871,0,-0.05776499956846237,0.8988490104675293,0.43443599343299866,0,0.04623999819159508,-0.4322870075702667,0.9005500078201294,0,0.8988000154495239,6.77869987487793,-0.023000000044703484,1,0.9994180202484131,-0.033525001257658005,-0.006231000181287527,0,0.03355000168085098,0.9340959787368774,0.35544300079345703,0,-0.006095999851822853,-0.355444997549057,0.934677004814148,0,-0.004000000189989805,2.9579999446868896,0,1,0.9998289942741394,-0.01844000071287155,-0.001534000039100647,0,0.0184129998087883,0.983361005783081,0.18072499334812164,0,-0.0018240000354126096,-0.18072299659252167,0.9835320115089417,0,0.0024999999441206455,2.7569000720977783,0,1,0.9991400241851807,0.007942000404000282,-0.04069000110030174,0,0.010137000121176243,0.9048879742622375,0.42552798986434937,0,0.04019999876618385,-0.42557498812675476,0.9040300250053406,0,2.50219988822937,6.3907999992370605,0.08749999850988388,1,0.9994149804115295,0.03360600024461746,-0.006318000145256519,0,-0.029030000790953636,0.9314879775047302,0.3626129925251007,0,0.018070999532938004,-0.3622170090675354,0.9319180250167847,0,0.0031999999191612005,2.623699903488159,0,1,0.9996860027313232,-0.024914000183343887,-0.0026110000908374786,0,0.024974999949336052,0.9832379817962646,0.18060599267482758,0,-0.0019330000504851341,-0.18061499297618866,0.9835519790649414,0,0.0038999998942017555,2.1321001052856445,0,1,-0.09867211431264877,-0.0021329843439161777,0.9951180219650269,0,-0.9059690237045288,-0.41350996494293213,-0.09071909636259079,0,0.41168397665023804,-0.9104970097541809,0.03886905685067177,0,-4.224100112915039,8.897299766540527,-0.03020000085234642,1,0.9257037043571472,-0.37723270058631897,0.02770400233566761,0,0.2797336280345917,0.7320638298988342,0.6211528778076172,0,-0.2546003758907318,-0.5672546625137329,0.7831991314888,0,0,8.861000061035156,0,1,-0.2191162109375,-0.9739859700202942,-0.05779601261019707,0,0.9740029573440552,-0.2218422144651413,0.04587799683213234,0,-0.05750701203942299,-0.046240996569395065,0.9972739815711975,0,0,18.973600387573242,0,1,0.9929230213165283,-0.09568902850151062,-0.07033820450305939,0,0.08359594643115997,0.9838379621505737,-0.15835246443748474,0,0.08435423672199249,0.1513514518737793,0.98487389087677,0,0,19.898300170898438,0,1,0.8899099826812744,-0.4505630135536194,0.07108499854803085,0,0.40701499581336975,0.8547239899635315,0.32215800881385803,0,-0.20591099560260773,-0.2577590048313141,0.9440129995346069,0,2.062000036239624,2.147700071334839,1.2410000562667847,1,0.9591450095176697,0.2735370099544525,-0.07223699986934662,0,-0.27159398794174194,0.9617509841918945,0.035666000097990036,0,0.07923000305891037,-0.014589999802410603,0.996749997138977,0,0.274399995803833,2.5659000873565674,0,1,0.9976369738578796,0.05964599922299385,-0.03409399837255478,0,-0.06116599962115288,0.9970930218696594,-0.04543299973011017,0,0.03128499910235405,0.047410998493433,0.9983850121498108,0,-0.07670000195503235,2.7302000522613525,0,1,0.9982590079307556,-0.05805699899792671,0.010382999666035175,0,0.04769099876284599,0.8981710076332092,0.43705299496650696,0,-0.034699998795986176,-0.4357970058917999,0.8993759751319885,0,2.5699000358581543,7.053800106048584,0.05090000107884407,1,0.9991220235824585,0.04121499881148338,0.007548999972641468,0,-0.04120999947190285,0.9339770078659058,0.3549480140209198,0,0.007579000201076269,-0.3549480140209198,0.9348549842834473,0,-0.001500000013038516,2.8162999153137207,0,1,0.9997950196266174,0.02014699950814247,0.0018850000342354178,0,-0.020155999809503555,0.9833729863166809,0.18047699332237244,0,0.0017819999484345317,-0.18047800660133362,0.9835770130157471,0,0.0012000000569969416,2.6396000385284424,0,1,0.998320996761322,-0.05626999959349632,0.013743000105023384,0,0.04461900144815445,0.898347020149231,0.43701401352882385,0,-0.03693699836730957,-0.4356670081615448,0.8993499875068665,0,0.765500009059906,7.018199920654297,-0.09040000289678574,1,0.9993839859962463,0.03450499847531319,0.006328999996185303,0,-0.03450300171971321,0.934207022190094,0.3550580143928528,0,0.0063390000723302364,-0.3550580143928528,0.9348229765892029,0,0.008500000461935997,3.3401999473571777,0,1,0.9997469782829285,0.022438999265432358,0.0017089999746531248,0,-0.02237899973988533,0.9833160042762756,0.18052299320697784,0,0.002369999885559082,-0.18051600456237793,0.9835690259933472,0,-0.007899999618530273,3.0566999912261963,0,1,0.9982280135154724,-0.05859500169754028,0.010360999964177608,0,0.048183001577854156,0.8981419801712036,0.4370580017566681,0,-0.034915000200271606,-0.4357849955558777,0.8993729948997498,0,-0.892300009727478,6.911099910736084,-0.12160000205039978,1,0.9990839958190918,0.042100001126527786,0.007712999824434519,0,-0.04209500178694725,0.9339359998703003,0.35495299100875854,0,0.007739999797195196,-0.35495200753211975,0.9348520040512085,0,-0.003000000026077032,2.9238998889923096,0,1,0.9998059868812561,0.019600000232458115,0.0018720000516623259,0,-0.01961600035429001,0.9833829998970032,0.18048200011253357,0,0.0016969999996945262,-0.18048399686813354,0.9835770130157471,0,0.0026000000070780516,2.7179999351501465,0,1,0.9981780052185059,-0.059192001819610596,0.0116779999807477,0,0.04814700037240982,0.8981429934501648,0.4370589852333069,0,-0.03635900095105171,-0.43570101261138916,0.89935702085495,0,-2.4430999755859375,6.45359992980957,0.12549999356269836,1,0.9991829991340637,0.03982200101017952,0.0069610001519322395,0,-0.039698000997304916,0.9340140223503113,0.3550240099430084,0,0.00763599993661046,-0.3550100028514862,0.9348310232162476,0,-0.0026000000070780516,2.6278998851776123,0,1,0.9997209906578064,0.023523999378085136,0.002345999935641885,0,-0.02356100082397461,0.9832919836044312,0.18050600588321686,0,0.0019389999797567725,-0.1805109977722168,0.9835709929466248,0,-0.0019000000320374966,2.122499942779541,0,1,-0.9790210723876953,0.0817861407995224,0.1866234838962555,0,0.12235549092292786,-0.4964088797569275,0.8594221472740173,0,0.16293084621429443,0.8642270565032959,0.47598797082901,0,7.557000160217285,-4.826300144195557,0.3005000054836273,1,0.9891480207443237,0.13269226253032684,-0.06307174265384674,0,-0.04593207314610481,-0.12847773730754852,-0.9906480312347412,0,-0.1395551562309265,0.982795000076294,-0.12098874151706696,0,-0.12460000067949295,24.065799713134766,0.1046999990940094,1,0.9649280905723572,0.2616666257381439,-0.021060841158032417,0,-0.14998778700828552,0.6153806447982788,0.7738283276557922,0,0.21544566750526428,-0.7435303330421448,0.6330446600914001,0,-0.006000000052154064,33.0630989074707,0.0038999998942017555,1,0.9998469948768616,-0.0003400003770366311,0.0174809992313385,0,-0.009440000168979168,0.8310459852218628,0.5561239719390869,0,-0.014716999605298042,-0.5562040209770203,0.8309149742126465,0,-0.0052999998442828655,12.89330005645752,-0.515500009059906,1,-0.9969609975814819,-0.04534270986914635,0.06335184723138809,0,0.05868963524699211,-0.9718931913375854,0.2279890477657318,0,0.051233936101198196,0.23101402819156647,0.9716001749038696,0,-7.557000160217285,-4.826300144195557,0.3005000054836273,1,0.9986270070075989,0.03146396204829216,-0.0418790839612484,0,-0.050790999084711075,0.7771626114845276,-0.627247154712677,0,0.012811146676540375,0.6285131573677063,0.7776935696601868,0,0.12479999661445618,24.070100784301758,-0.14489999413490295,1,0.9964450001716614,-0.08105368167161942,-0.02295786142349243,0,0.026669936254620552,0.045019879937171936,0.9986297488212585,0,-0.07990965992212296,-0.995692789554596,0.04702186957001686,0,0.006000000052154064,33.0630989074707,0.0044999998062849045,1,0.9998419880867004,0.00205009407363832,-0.017649052664637566,0,0.009754013270139694,0.7669344544410706,0.6416504979133606,0,0.014851081185042858,-0.6417214870452881,0.766793429851532,0,0.005400000140070915,12.718299865722656,-0.5224000215530396,1
